'kissat-sc2022-light': 0.8571428571428571 unknown
'Kissat_adaptive_restart': 0.5714285714285714 0.03549
Cadical_ESA:  0.8928571428571429 0.013654936739984622

-----new method------

ekissat-mab-gb-db,0.9642857142857143,0.09196566483640763
